0 424 4823954
1 99 2656785
2 333 338
3 378 4187
4 105 110
5 94 457706
6 407 420
7 297 3031423
8 316 796190
9 255 2138243
10 431 434
11 317 2176
12 281 2412
13 46 4092
14 181 3208
15 181 3758543
16 73 326
17 64 1237362
18 345 947
19 337 2849
20 178 428
21 8 9
22 176 10314
23 407 4473666
24 305 336
25 154 15962
26 156 195
27 237 238
28 292 298
29 298 18411
30 53 58
31 375 3833232
32 222 434
33 244 379
34 101 103
35 313 314
36 377 378
37 306 990570
38 209 6293
39 240 2347
40 266 38142
41 367 2353701
42 429 3488701
43 256 277
44 376 592
45 101 61371
46 351 452606
47 364 394
48 301 178815
49 281 284
50 128 139
51 20 24
52 413 105584
53 382 509763
54 429 16737
55 343 417
56 297 2082365
57 126 134
58 365 383
59 250 321
60 333 347
61 277 5866677
62 192 1919214
63 26 1561
64 250 294
65 439 24142
66 62 1110204
67 162 51832
68 20 4484631
69 134 112354
70 37 2133022
71 372 212944
72 185 628
73 305 330
74 342 571
75 256 300
76 378 1593
77 353 658
78 234 502
79 356 1541
80 329 300598
81 440 450
82 285 794
83 167 536253
84 350 8110282
85 359 1482
86 84 196
87 254 256
88 129 194
89 20 355
90 231 235
91 204 1424881
92 327 381876
93 273 344690
94 140 1319166
95 4 271045
96 312 1921
97 188 489
98 303 304
99 347 368
100 234 1734
101 375 5157412
102 413 422
103 157 353
104 376 377
105 270 89075
106 303 870207
107 287 298
108 332 3204882
109 175 7154673
110 262 2912903
111 386 401
112 373 376
113 324 58392
114 415 4120855
115 355 356
116 122 3098
117 57 210
118 425 427
119 105 3608
120 372 7818015
121 277 300
122 26 29
123 66 74505
124 66 8437
125 107 4903
126 197 453512
127 249 447
128 341 57432
129 203 208
130 171 172
131 328 375
132 335 37644
133 336 578
134 70 808397
135 390 398
136 310 158750
137 394 22376
138 79 5718
139 147 332
140 23 441543
141 154 47667
142 233 239
143 354 359
144 62 47550
145 401 33262
146 124 201
147 235 481
148 328 344
149 54 488667
150 264 2668
151 329 5330679
152 394 764
153 105 632685
154 245 558
155 178 186
156 246 3882
157 308 403203
158 281 4803148
159 336 85303
160 322 354
161 173 5426532
162 359 2107
163 78 80
164 214 217
165 101 870
166 169 698
167 324 5776
168 243 6155
169 423 424
170 220 224
171 429 2764
172 189 193
173 35 36
174 422 12370
175 239 13390
176 212 383
177 52 10786
178 137 208512
179 19 6917
180 240 1139691
181 107 112
182 396 2002313
183 68 432539
184 248 168994
185 379 5325
186 308 53483
187 50 1518401
188 144 4413534
189 96 4251
190 96 681
191 181 767937
192 108 3849284
193 231 656
194 158 161
195 339 726
196 311 445
197 291 309
198 349 379
199 337 16414
200 310 7594
201 387 435
202 145 1072361
203 251 7095
204 205 268
205 12 517561
206 135 1531664
207 134 136
208 367 36252
209 154 11870
210 17 1128
211 183 26177
212 341 349
213 264 277
214 310 1848953
215 434 469
216 398 415
217 45 51
218 432 801
219 214 214728
220 243 3525
221 22 16547
222 235 36162
223 71 344280
224 92 21441
225 427 431
226 370 93827
227 206 300
228 13 18
229 100 157
230 109 114
231 189 3241159
232 340 343
233 291 292
234 424 5313
235 253 1052
236 36 88
237 243 268
238 101 5360533
239 279 502571
240 422 179279
241 107 13797
242 41 555
243 405 1260491
244 404 234100
245 63 89
246 111 4817
247 435 93640
248 265 289
249 406 1006
250 122 3653
251 15 106
252 194 3279084
253 361 12806
254 319 321
255 97 100
256 335 21475
257 112 8500
258 102 131
259 26 12737
260 436 754235
261 289 438
262 40 436682
263 55 16486
264 380 5640031
265 334 1531
266 342 983588
267 401 2114
268 77 292
269 151 158
270 407 2467044
271 216 313
272 429 435
273 79 2837066
274 58 28531
275 241 1183
276 69 6681563
277 312 190342
278 40 48
279 370 4440542
280 248 344
281 96 4113
282 95 1559
283 130 278523
284 28 34
285 124 142
286 295 1632374
287 136 182
288 29 36
289 245 7441
290 104 109
291 75 3382775
292 293 765
293 360 3031928
294 131 188
295 441 941391
296 379 425
297 46 310
298 98 208719
299 40 283
300 157 189
301 233 236
302 149 50292
303 194 7849
304 43 6739
305 224 1722099
306 145 201
307 67 51836
308 133 154
309 352 785
310 189 6149989
311 185 199
312 371 388
313 86 117705
314 133 3612
315 120 5158502
316 116 3275
317 1 14
318 52 1361
319 351 672
320 306 307
321 320 329
322 395 435
323 284 5348468
324 396 406
325 426 2558
326 67 75
327 398 681
328 194 303831
329 36 41
330 236 249
331 362 673
332 44 16576
333 400 1025273
334 106 4051
335 248 250
336 154 47016
337 386 2798331
338 270 807
339 148 664
340 197 578928
341 93 98
342 58 1840
343 226 868
344 199 98920
345 395 396
346 179 1213674
347 56 1917
348 328 647358
349 155 156
350 242 333431
351 26 50
352 129 211
353 88 101
354 387 15161
355 189 194
356 102 117
357 350 3074
358 10 11
359 303 5937
360 330 342
361 136 77987
362 134 6518
363 283 285
364 26 149
365 343 19175
366 177 181
367 162 180187
368 428 448
369 111 146
370 47 51
371 312 343
372 417 11730
373 74 80
374 43 46
375 248 3120
376 416 160943
377 256 6840
378 304 251925
379 33 106
380 249 258
381 20 22
382 385 389
383 304 483375
384 383 391
385 334 3295
386 183 223
387 63 77
388 132 133
389 358 366
390 94 350
391 212 49142
392 209 616
393 344 376
394 247 38988
395 217 6003
396 237 240
397 58 110
398 338 356
399 63 3365960
400 105 119
401 117 142
402 300 323
403 417 418
404 74 91
405 222 6087707
406 332 3163092
407 403 1075
408 317 434
409 44 32666
410 359 2830149
411 281 27971
412 361 1321
413 194 6311212
414 358 1409599
415 434 5430
416 361 402
417 47 54
418 322 369
419 393 694
420 169 9543
421 107 452054
422 351 36682
423 205 206
424 297 1523945
425 130 26699
426 393 538
427 176 291303
428 37 43
429 216 8475
430 291 468
431 272 9251
432 20 4538343
433 128 5321
434 121 33377
435 231 270
436 276 320
437 107 29720
438 385 26848
439 157 4224939
440 265 2171072
441 86 93
442 61 838692
