0 56 3525983
1 66 121
2 2 186583
3 15 420
4 71 112
5 66 254264
6 107 4443
7 104 4255075
8 1 6
9 16 111650
10 16 117
11 110 1506214
12 35 36688
13 1 45806
14 72 90
15 110 4172818
16 101 1766
17 30 218756
18 45 56
19 28 3646
20 93 3742
21 26 81
22 29 538
23 97 138
24 10 529
25 29 4258
26 64 71
27 55 56
28 38 39
29 106 33245
30 48 148
31 59 943
32 59 18018
33 97 278
34 116 351749
35 9 2288
36 42 51
37 67 989107
38 48 77
39 10 17
40 102 103
41 23 87
42 113 304
43 52 3297
44 34 652
45 62 1074575
46 113 3695822
47 26 425
48 33 4287898
49 40 349042
50 74 677
51 115 464586
52 98 325795
53 79 864
54 9 450772
55 54 564
56 19 31
57 51 97347
58 7 11
59 114 151
60 21 2936818
61 103 300277
62 3 d
63 53 54
64 109 1066
65 50 2548
66 83 117
67 80 84
68 1 16211
69 44 59
70 76 52278
71 77 1639701
72 105 15726
73 12 10082
74 21 22
75 119 1299
76 28 231148
77 21 113
78 22 40407
79 12 6803
80 99 1258
81 48 6185
82 62 81863
83 52 2590
84 97 101
85 69 85
86 5 3202437
87 85 88
88 23 112
89 60 1227805
90 83 117
91 18 246
92 43 575793
93 65 153276
94 33 71
95 63 2918
96 40 4644
97 33 4570
98 110 418
99 17 830341
100 90 9269
101 66 102232
102 96 1334014
103 62 152
104 88 89
105 119 32401
106 107 1085
107 39 1579
108 38 3510000
109 52 71
110 86 1374959
111 103 490
112 20 2255064
113 37 111
114 88 184986
115 34 2838
116 86 22799
117 88 171946
118 91 5318968
119 104 124
120 54 584
