0 511 527
1 539 1516541
2 566 571
3 86 88
4 34 285258
5 230 321637
6 124 151
7 64 68239
8 455 998
9 50 1256835
10 231 672559
11 689 2898
12 543 5010
13 685 847
14 570 573
15 14 3713
16 546 844426
17 463 1022
18 171 1316047
19 268 231593
20 589 4813132
21 287 289
22 744 1912026
23 526 842
24 526 529
25 526 56765
26 211 27473
27 675 8766
28 164 167
29 210 665590
30 745 753
31 759 1896
32 436 439
33 372 380
34 57 8243
35 371 7343
36 534 38728
37 27 56519
38 58 994
39 547 202128
40 746 10703
41 724 979
42 682 3644
43 341 343
44 11 8461
45 651 151137
46 57 163
47 630 64111
48 430 4067
49 212 372
50 66 298
51 523 43771
52 307 233883
53 202 26335
54 88 579706
55 118 1117
56 493 68286
57 253 257
58 350 3278259
59 289 980
60 247 250
61 195 206
62 323 362
63 285 563651
64 133 275
65 382 37291
66 295 649806
67 652 653
68 154 3248
69 128 4797
70 562 1969883
71 207 24119
72 5 7515
73 627 628
74 430 1108280
75 496 1131
76 697 5680084
77 10 20
78 103 109
79 452 4746
80 698 5878
81 317 8486828
82 90 2983
83 522 547
84 2 9
85 617 11085
86 275 754
87 136 271994
88 11 52
89 10 42
90 199 216
91 362 19393
92 496 40982
93 103 54174
94 713 509962
95 124 277
96 582 164581
97 691 752
98 752 3547810
99 741 2977
100 396 414
101 617 12707
102 503 130151
103 370 64902
104 634 936790
105 86 7601819
106 567 25156
107 166 168
108 19 37
109 510 791
110 702 711
111 752 779
112 161 165
113 689 1486
114 171 179
115 339 403
116 302 434
117 752 185154
118 141 149123
119 294 387
120 49 405
121 269 5248
122 312 1256
123 287 7972
124 577 1079694
125 407 414
126 574 422164
127 159 7650
128 331 47133
129 463 464
130 543 610
131 386 8486942
132 305 30776
133 548 184362
134 207 1283564
135 564 567
136 363 64475
137 271 1774159
138 322 7041
139 611 342474
140 251 991
141 150 534
142 191 28509
143 365 69584
144 33 3242
145 203 73463
146 642 644
147 502 589
148 340 355
149 4 41969
150 735 3328495
151 345 346
152 311 19461
153 45 99657
154 235 236
155 483 1057519
156 390 15058
157 428 466
158 666 3995453
159 380 403
160 667 7427142
161 34 409
162 711 33250
163 71 33800
164 137 149
165 417 6800
166 9 10
167 470 472
168 752 1447
169 109 304514
170 579 31567
171 424 427
172 250 120165
173 252 218186
174 296 297
175 699 813
176 154 32444
177 180 181091
178 649 5166
179 305 1114
180 295 511306
181 72 145
182 68 34687
183 414 101925
184 322 22108
185 161 246890
186 683 269413
187 584 252899
188 169 5617
189 62 79
190 14 1853
191 177 88633
192 185 191
193 686 6795177
194 546 2159204
195 712 7194
196 276 7975
197 277 385
198 35 16298
199 270 342
200 262 275
201 91 149503
202 134 6889386
203 749 482555
204 370 371
205 106 75155
206 64 144
207 158 11711
208 611 1042
209 707 710
210 45 581672
211 299 301
212 192 277
213 642 1406
214 509 6151099
215 505 672
216 664 122817
217 711 713
218 721 723
219 385 248759
220 173 187
221 239 434
222 671 672
223 288 1367
224 644 251211
225 492 91976
226 239 252
227 443 84915
228 485 7766
229 321 326
230 181 7674
231 438 4898023
232 176 177
233 84 20364
234 286 288
235 62 89
236 594 347955
237 433 435
238 678 4907
239 701 706
240 186 129505
241 641 620225
242 399 400
243 484 488
244 545 743
245 537 542
246 703 1620471
247 414 383464
248 504 506
249 717 945
250 677 873
251 317 485
252 353 358
253 456 2554
254 456 458
255 482 613
256 439 44040
257 315 321
258 746 69894
259 107 114
260 271 6128768
261 605 611
262 4 408115
263 245 13628
264 625 2233620
265 561 562
266 435 438
267 749 7008941
268 721 3610
269 367 402
270 550 625
271 726 989
272 435 527
273 722 31518
274 605 1373758
275 52 95
276 418 136733
277 431 27991
278 247 599090
279 731 3611
280 335 365
281 73 10031
282 139 171568
283 710 1561
284 724 969422
285 517 739
286 4 184419
287 497 160213
288 127 140
289 231 252
290 657 737
291 303 311
292 180 462
293 755 154038
294 400 3688642
295 624 990
296 22 995
297 144 2021980
298 326 180827
299 39 35438
300 470 33093
301 723 724
302 217 992
303 165 7922
304 1 182
305 372 4780
306 338 352
307 131 15105
308 484 65882
309 436 437
310 580 581
311 151 1109
312 536 54591
313 400 408
314 345 304661
315 629 86872
316 405 4130
317 713 6604982
318 187 4740
319 732 414790
320 320 54484
321 45 66
322 1 2683
323 269 8586
324 292 82175
325 681 16165
326 389 403
327 388 1741763
328 537 546
329 475 4479477
330 553 599
331 145 283
332 58 140937
333 469 472
334 156 1235
335 488 757
336 696 5886477
337 691 4990118
338 618 3834920
339 603 4448
340 524 526
341 343 54439
342 23 26
343 401 58295
344 120 122
345 714 6805
346 135 539
347 711 623043
348 131 21483
349 562 570
350 339 350
351 128 256
352 639 12923
353 149 5082887
354 673 3735
355 734 753
356 175 62361
357 102 7787892
358 412 446
359 249 4763
360 549 1529
361 290 519
362 722 866
363 441 3157536
364 410 5524890
365 70 74
366 586 59358
367 558 680
368 26 1607251
369 15 1377
370 667 669
371 484 511
372 34 320992
373 279 96478
374 560 685
375 113 276
376 29 866970
377 251 254
378 695 785
379 43 93
380 162 18569
381 43 51894
382 733 743
383 670 949318
384 727 756865
385 517 521
386 363 364
387 390 392
388 628 630
389 170 8661
390 391 1826503
391 351 9396
392 602 587218
393 506 5217655
394 32 114409
395 345 6283
396 462 75806
397 675 4117
398 41 52
399 79 186730
400 360 508
401 307 698
402 696 48083
403 607 7858804
404 400 24741
405 520 1091
406 338 1176
407 212 219
408 710 2709626
409 272 964
410 217 1300677
411 382 2409
412 601 613
413 728 1195
414 28 4044
415 332 999834
416 696 7129
417 549 2600559
418 542 1045
419 496 302903
420 568 577
421 364 4693
422 153 12860
423 175 177
424 726 2755316
425 207 20943
426 638 122132
427 715 53953
428 530 614
429 663 689
430 421 1467340
431 681 1044
432 728 434732
433 618 2910
434 752 898
435 72 56959
436 499 10038
437 740 747
438 308 314
439 481 679499
440 363 364
441 83 65682
442 67 173
443 298 10059
444 690 159721
445 41 3792
446 520 525
447 189 206
448 8 2596
449 264 193407
450 605 36778
451 58 28085
452 510 682
453 405 451
454 24 28
455 24 8724663
456 486 5737
457 744 2755
458 612 1933
459 360 8527
460 601 610
461 302 342
462 440 7385
463 577 712876
464 363 619
465 88 92
466 689 718
467 646 782
468 293 300
469 137 355
470 139 172
471 294 12509
472 50 47030
473 507 20423
474 87 3657523
475 740 2562674
476 496 3336
477 32 541204
478 38 183957
479 572 591
480 381 2295
481 451 19390
482 629 4809
483 68 247029
484 182 185
485 447 33652
486 732 2269219
487 522 534
488 435 4294346
489 590 52527
490 574 805
491 663 13252
492 466 12997
493 288 49239
494 51 100033
495 737 17072
496 643 4637
497 318 319
498 358 1479
499 275 291
500 494 3328
501 461 813
502 206 1439
503 39 5175
504 108 154
505 479 530
506 394 11411
507 601 103420
508 359 558
509 261 363
510 433 1854473
511 288 2930
512 124 134
513 746 5666
514 633 415908
515 210 215
516 683 3447
517 185 213
518 716 717
519 261 284
520 101 109
521 37 440
522 114 131
523 90 63752
524 407 409
525 67 3608
526 580 7019
527 573 1353
528 422 2861439
529 173 175
530 239 2544396
531 86 6674329
532 38 787873
533 280 633
534 641 209198
535 535 544
536 404 23272
537 119 36214
538 211 11029
539 752 4110336
540 661 247146
541 177 2061680
542 535 585
543 214 251
544 428 16313
545 338 398
546 125 137
547 233 934
548 98 174
549 536 318552
550 548 552
551 209 271
552 559 631296
553 210 405
554 115 506
555 546 17033
556 513 514
557 102 221
558 629 634
559 540 553
560 90 91
561 93 115
562 400 430
563 538 22167
564 423 640
565 681 79716
566 4 3491781
567 17 617358
568 119 73241
569 347 14768
570 749 817
571 91 94
572 756 3715
573 213 2984332
574 28 16016
575 603 3400416
576 308 14743
577 572 2107148
578 34 40
579 200 167710
580 593 9690
581 435 895
582 607 724
583 357 401
584 270 401
585 437 442
586 14 325
587 228 773290
588 613 635
589 396 398
590 512 12469
591 506 63845
592 433 520
593 252 381
594 78 100977
595 684 1131
596 596 3404039
597 353 355
598 7 9
599 264 111327
600 592 2237518
601 490 503537
602 40 53
603 458 518
604 714 715
605 741 397684
606 232 1677950
607 207 209
608 590 593
609 250 387
610 385 2205822
611 655 1362
612 187 87254
613 178 451
614 530 1368
615 619 11873
616 643 7047141
617 357 4196506
618 20 2876440
619 294 4102953
620 176 180
621 331 1100202
622 146 212
623 49 188
624 486 804
625 316 827
626 496 150516
627 596 607
628 258 662
629 51 61
630 534 6208227
631 562 12171
632 403 251948
633 131 186
634 607 626
635 316 114065
636 602 676
637 410 433
638 33 22868
639 728 729
640 26 2485
641 602 603
642 657 881
643 620 2001875
644 478 641
645 581 32675
646 562 23168
647 12 536
648 62 376
649 211 349
650 197 200
651 480 13389
652 320 5737
653 297 349
654 610 616
655 118 466
656 57 460
657 659 1447153
658 252 258
659 329 1005587
660 313 65900
661 688 411165
662 57 366618
663 377 394
664 628 6848
665 626 4411052
666 304 2743571
667 47 59
668 542 13809
669 690 68669
670 722 52472
671 409 240830
672 34 1689
673 155 6709
674 497 1407
675 252 2299569
676 167 4240
677 664 665
678 140 21667
679 133 3223673
680 87 62936
681 586 19192
682 379 5751
683 622 40386
684 479 1723
685 170 175
686 687 177675
687 609 1096518
688 694 700
689 286 288
690 231 292
691 308 312
692 646 823
693 357 699
694 241 498
695 281 9517
696 675 682
697 637 638
698 338 2363
699 716 720
700 239 2134
701 415 870
702 257 786063
703 532 541
704 685 697
705 186 4557
706 549 557
707 689 695
708 488 68062
709 594 825
710 433 586742
711 650 538586
712 83 29630
713 437 670
714 354 360
715 527 554
716 378 1464
717 97 1205
718 352 7098344
719 150 167
720 323 4088
721 460 479
722 521 27890
723 361 1767677
724 78 2414
725 138 6903
726 272 267397
727 533 568907
728 321 1005973
729 191 5606
730 474 7057314
731 70 472453
732 251 493
733 142 145
734 137 4910
735 606 653
736 536 552
737 454 703
738 196 285561
739 624 704
740 536 24240
741 584 1010
742 112 752
743 445 449
744 257 4719055
745 169 176
746 109 176462
747 554 558
748 662 5819
749 638 165915
750 487 488
751 317 1883343
752 469 4478
753 155 8038677
754 645 6832109
755 196 29449
756 742 6422588
757 462 816
758 304 305
