0 246 19888
1 134 1689
2 137 492
3 35 71204
4 266 305
5 276 2271
6 108 347103
7 197 205
8 224 247
9 390 24631
10 271 450
11 314 152910
12 364 395668
13 179 970
14 187 188
15 75 8015
16 402 44027
17 286 493
18 370 5837996
19 338 375
20 338 1547029
21 345 6206389
22 197 212
23 300 804
24 52 61
25 145 705
26 319 355
27 314 345
28 239 240
29 122 347
30 76 959064
31 64 848881
32 63 71
33 28 5317444
34 88 1166240
35 254 517
36 340 1596870
37 291 7924513
38 138 821
39 206 3563
40 121 619
41 368 16379
42 371 424
43 50 335
44 55 3066
45 272 292431
46 255 1492
47 138 151709
48 158 192
49 13 10682
50 269 288186
51 301 302
52 386 40373
53 394 420
54 150 3295
55 366 376
56 151 361363
57 92 264
58 12 1032
59 167 185
60 41 30144
61 3 7933404
62 199 861
63 161 1968
64 88 219955
65 59 3153641
66 47 201
67 82 137
68 54 1301
69 396 477
70 160 162
71 209 645
72 322 377
73 232 315
74 56 576175
75 10 12
76 199 6866874
77 40 69
78 388 2922699
79 50 7885456
80 354 364
81 242 262489
82 215 11144
83 346 171620
84 206 234710
85 276 30351
86 197 80143
87 307 416439
88 346 380
89 23 149261
90 143 4846068
91 266 1834
92 19 1718
93 148 264
94 116 518480
95 108 109
96 326 1855
97 36 415
98 358 372612
99 389 390
100 349 24830
101 192 495298
102 206 109835
103 37 25446
104 256 41568
105 232 4464822
106 27 1212
107 5 43303
108 109 111
109 44 21204
110 188 7636736
111 26 148578
112 42 102
113 120 331
114 193 196
115 286 331
116 114 4824
117 348 358
118 286 299
119 96 130
120 199 1845
121 278 377
122 194 264
123 224 365
124 177 217
125 372 172914
126 133 12836
127 366 1586
128 107 134
129 191 3488980
130 241 299
131 200 30845
132 271 328
133 47 48
134 333 14630
135 319 563883
136 188 8170
137 249 396
138 148 2958
139 253 282
140 193 4147
141 181 16208
142 168 2490936
143 382 531
144 321 11149
145 112 133
146 152 273920
147 99 717
148 285 380
149 313 904
150 25 2971
151 222 235
152 222 200581
153 130 52105
154 366 11236
155 174 204
156 17 18
157 329 506
158 51 52
159 396 478
160 361 4583
161 99 7382
162 143 91216
163 392 395
164 88 164
165 187 3494
166 360 65381
167 286 1070459
168 274 142720
169 348 4744737
170 331 102993
171 271 275
172 98 127211
173 79 80
174 239 685727
175 124 4655
176 42 264816
177 282 49174
178 169 209
179 172 343
180 9 1031863
181 133 894
182 134 153
183 240 249
184 330 4532
185 9 36
186 396 3230909
187 341 1461
188 109 1218091
189 362 370
190 246 250
191 45 8057
192 171 176
193 291 8447184
194 137 3214
195 338 340
196 136 3804
197 99 348191
198 173 846
199 272 119088
200 230 232
201 82 1154327
202 357 1232175
203 327 338
204 74 14654
205 208 91568
206 60 3123
207 262 279
208 76 3658790
209 269 3065
210 76 528
211 262 116347
212 1 81
213 35 210
214 227 5344725
215 25 2872089
216 208 499
217 89 166
218 141 7487
219 217 290
220 5 22218
221 87 165
222 77 5158
223 91 91594
224 230 976397
225 67 5846799
226 107 814650
227 111 212
228 3 170693
229 61 207280
230 347 399132
231 335 751170
232 171 224
233 120 64578
234 201 219
235 155 158
236 193 3142
237 388 390
238 370 828244
239 289 609795
240 252 149274
241 304 768
242 108 2841362
243 355 1130454
244 32 1489
245 319 360
246 152 28768
247 334 342
248 349 522
249 190 192
250 76 3352
251 315 399794
252 226 983
253 208 3171495
254 6 187
255 406 8771961
256 59 61
257 292 326
258 164 200
259 243 244
260 226 230
261 78 3294
262 35 17603
263 365 39053
264 183 521
265 259 129909
266 16 59
267 212 215
268 368 3850063
269 141 3157732
270 92 820857
271 339 2964
272 390 8440077
273 108 1333696
274 145 150
275 356 40903
276 82 74117
277 113 588
278 70 569
279 97 61730
280 349 357
281 167 168
282 107 2205
283 16 25
284 292 1982
285 41 150
286 313 445
287 56 188371
288 219 691857
289 81 157520
290 328 953
291 202 244
292 216 1136
293 181 77236
294 256 31893
295 37 5362255
296 135 27428
297 273 636
298 334 359
299 381 275056
300 267 416
301 61 7939
302 337 9158
303 245 2643124
304 328 170080
305 186 192
306 208 51067
307 384 453
308 119 3154099
309 178 8766
310 278 558
311 321 798
312 294 70275
313 296 1078
314 127 101676
315 281 342
316 81 634715
317 295 168940
318 69 6634336
319 28 111546
320 190 191
321 333 354
322 109 143
323 404 405
324 219 137251
325 324 29325
326 160 1135
327 260 2344
328 286 38249
329 398 5969
330 202 204
331 131 7212859
332 333 491
333 313 2691704
334 386 34039
335 176 31442
336 102 3163
337 395 937012
338 13 307
339 73 5225
340 374 16937
341 119 264
342 104 154
343 360 540856
344 58 5095657
345 187 383
346 245 3563
347 147 1211
348 66 70
349 56 1291210
350 346 79546
351 241 242
352 157 2542
353 73 6990751
354 361 3247540
355 258 263
356 137 143
357 178 747395
358 318 204282
359 406 1639
360 164 36659
361 194 110231
362 60 61
363 134 54949
364 130 1937
365 48 59
366 309 1263
367 111 186
368 306 250669
369 92 534961
370 79 285422
371 145 218
372 46 87093
373 404 17334
374 97 7149
375 155 5880
376 334 346
377 7 118
378 235 3675640
379 227 331
380 42 3438056
381 215 433
382 43 562264
383 192 282
384 24 338413
385 82 753816
386 311 330331
387 239 349
388 204 217
389 386 1344
390 133 714315
391 99 688
392 72 2313770
393 167 20873
394 64 65
395 276 2818446
396 4 6725437
397 210 1165
398 2 6
399 267 268
400 403 1677
401 198 6324
402 121 148
403 157 2556349
404 400 405
405 297 415919
